55.690673 37.499047 32 43 39 30 # Начало_пути+Парк_50_лет_октября+Олимпийская_деревня+Воробьёвы_горы+Парк_победы 
55.795750 37.675992 2 14 # Парк_Сокольники+Лосиный_остров+Пушкинская_площадь
55.832163 37.728062 1 3 # Лосиный_остров+Парк_Сокольники+Измайловский_парк
55.777900 37.800753 2 4 # Измайловский_парк+Лосиный_остров+Терлецкий_лесопарк
55.763602 37.814386 3 5 # Терлецкий_лесопарк+Измайловский_парк+Кусковский_лесопарк
55.739594 37.808115 6 4 # Кусковский_лесопарк+Кузьминки_парк+Терлецкий_лесопарк
55.690127 37.783556 5 7 8 # Кузьминки_парк+Кусковский_лесопарк+Люблино+Кузьминки_лесопарк
55.689406 37.745651 6 9 10 # Люблино+Кузьминки_парк+Братеевская_пойма+Братеевский_парк
55.666607 37.825698 6 10 # Кузьминки_лесопарк+Кузьминки_парк+Братеевский_парк
55.627364 37.782487 7 10 # Братеевская_пойма+Люблино+Братеевский_парк
55.638816 37.726731 8 7 9 13 12 # Братеевский_парк+Кузьминки_лесопарк+Люблино+Братеевская_пойма+Коломенское+Бирюлёвский_лесопарк
55.595730 37.678204 12 38 # Бирюлёвский_дендропарк+Бирюлёвский_лесопарк+Битцевский_парк
55.596116 37.704650 11 10 # Бирюлёвский_лесопарк+Бирюлёвский_дендропарк+Братеевский_парк
55.661896 37.663296 10 37 # Коломенское+Братеевский_парк+Битцевский_лес
55.765275 37.605399 1  # Пушкинская_площадь+Парк_Сокольники
55.821277 37.546252 1 16 # Тимирязевский_парк+Парк_Сокольники+Покровское_Стрешнево
55.822052 37.475139 15 18 17 21 22 # Покровское-Стрешнево+Тимирязевский_парк+Парк_Дружбы+Северное_Тушино+Сходненский_ковш+Серебряный_бор
55.870153 37.446036 16 22 19 21 # Северное_Тушино+Покровское-Стрешнево+Серебряный_бор+Алёшкинский_лес+Сходненский_ковш
55.852038 37.477965 16 15 # Парк_Дружбы+Покровское-Стрешнево+Тимирязевский_парк
55.868843 37.414834 17 20 # Алёшкинский_лес+Северое_Тушино+Парк_Братцево
55.848335 37.399557 19 21 # Парк_Братцево+Алёшкинский_лес+Сходненский_ковш
55.844280 37.411023 20 16 # Сходненский_ковш+Парк_Братцево+Покровское-Стрешнево
55.782203 37.406061 16 25 27 26 # Серебряный_бор+Покровское-Стрешнево+Строгино_парк+Москворецкий_дендропарк+Крылатское
55.752819 37.349878 24 26 # Ромашковский_лес+Кунцево_парк+Крылатское
55.741627 37.383273 23 25 26 # Кунцево_парк+Ромашковский_лес+Строгино_парк+Крылатское
55.780542 37.378399 22 24 26 # Строгино_парк+Серебряный_бор+Кунцево_парк+Крылатское
55.762158 37.424545 25 24 23 22 29 27 # Крылатское+Строгино_парк+Кунцево_парк+Ромашковский_лес+Серебряный_бор+Суворовский_парк+Москворецкий_дендропарк
55.744551 37.461066 26 22 29 # Москворецккий_дендропарк+Крылатское+Серебряный_бор+Суворовский_парк
55.749090 37.483465 29 30 # Парк_Фили+Суворовский_парк+Парк_победы
55.740282 37.444240 28 26 27 # Суворовский_парк+Парк_Фили+Крылатское+Москворецкий_дендропарк
55.731598 37.506651 28 31 # Парк_победы+Парк_Фили+Долина_реки_Сетунь
55.714182 37.469097 30 # Долина_реки_Сетунь+Парк_победы
55.686559 37.499908 34 41 42 37 39 43 # Парк_50_лет_октября+Тропарёвский_парк+Воронцовский_парк+Юго-Западный_лесопарк+Битцевский_лес+Воробьёвы_горы+Олимпийская_деревня
55.668816 37.363572 43 # Мещерский_лес+Олимпийская_деревня
55.651852 37.459588 32 35 42 43 # Тропарёвский_парк+Парк_50_лет_октября+Тропарёвский_лесопарк+Юго-Западный_лесопарк+Олимпийская_деревня
55.637704 37.479459 34 36 42 # Тропарёвский_лесопарк+Тропарёвский_парк+Теплый_Стан+Юго-Западный_лесопарк
55.632012 37.499066 35 42 38 37 # Тёплый_Стан+Тропарёвский_лесопарк+Юго-Западный_лесопарк+Битцевский_парк+Битцевский_лес
55.631706 37.565811 36 38 13 # Битцевский_лес+Теплый_Стан+Битцевский_парк+Коломенское
55.589751 37.566525 37 36 11 # Битцевский_парк+Битцевский_лес+Теплый_Стан+Бирюлёвский_дендропарк
55.710301 37.549238 32 40 # Воробьёвы_горы+Парк_50_лет_октября+Парк_Горького
55.728449 37.600033 39 14 1 # Парк_Горького+Воробьёвы_горы+Пушкинская_площадь+Парк_Сокольники
55.666538 37.534076	32 42 37 # Воронцовский_парк+Парк_50_лет_октября+Юго-Западный_лесопарк+Битцевский-Лес
55.657527 37.503888	41 32 34 35 43 37 # Юго-Западный_лесопарк+Воронцовский_парк+Парк_50_лет_октября+Тропарёвский_парк+Тропарёвский_лесопарк+Олимпийская_деревня+Битцевский_лес
55.680291 37.477067  33 42 32 34 # Олимпийская_деревня+Мещерский_лес+Юго-Западный_лесопарк+Парк_50_лет_октября+Тропарёвский_парк
