55.689406 37.745651
55.666607 37.825698
55.627364 37.782487
55.638816 37.726731
55.595730 37.678204
55.596116 37.704650
55.661896 37.663296
55.765275 37.605399
55.821277 37.546252
55.822052 37.475139
55.870153 37.446036
55.852038 37.477965
55.868843 37.414834
55.848335 37.399557
55.844280 37.411023
55.782203 37.406061
55.752819 37.349878
55.741627 37.383273
55.780542 37.378399
55.762158 37.424545
55.744551 37.461066
55.749090 37.483465
55.740282 37.444240
55.731598 37.506651
55.714182 37.469097
55.686559 37.499908
55.668816 37.363572
55.651852 37.459588
55.637704 37.479459
55.632012 37.499066
55.631706 37.565811
55.589751 37.566525
55.710301 37.549238
55.728449 37.600033
55.666538 37.534076	
55.657527 37.503888
55.680291 37.477067 
